120 720
120 407
123 344
148 240
198 139
277 69
360 35
475 24
538 29
616 67
654 120
678 193
674 249
656 289
652 293
613 347
586 359
520 387
503 390
470 401
450 406
418 438
406 461
403 476
400 520
403 538
406 548
411 562
432 586
442 593
458 598
541 599
593 597
671 599
790 602
892 609
972 602
1028 586
1061 570
1093 520
1104 502
1107 498
1110 490
1107 481
1101 471
1078 455
1040 428
1006 399
980 367
961 329
952 278
956 229
973 189
1007 141
1047 119
1052 119
1073 104
1087 99
1092 92
1094 86
1089 64
1088 47
1075 13
1070 -9

200 720
199 412
202 361
219 277
259 208
312 160
371 140
470 129
501 128
531 130
555 159
573 190
575 212
567 244
569 244
562 266
551 278
501 302
464 311
439 328
393 351
347 401
331 432
316 465
307 517
302 555
307 593
332 645
381 687
419 704
463 711
558 702
600 688
672 676
789 667
891 663
985 669
1061 659
1136 627
1188 567
1209 521
1212 491
1205 445
1188 412
1160 382
1131 364
1103 353
1079 334
1065 320
1056 308
1049 287
1051 274
1064 250
1068 242
1084 230
1115 218
1160 191
1204 138
1215 97
1215 57
1212 45
1203 0
1196 -13
1191 -36