120 720
120 410
180 291
331 234
409 242
477 261
606 326
645 422
636 503
546 567
464 559
426 532
393 492
377 431
361 410
345 422
327 428
319 440
313 460
317 480
337 553
377 600
469 621
586 626
737 627
775 597
796 556
805 510
804 465
772 406
725 357
669 328
593 289
538 231
506 181
492 139
492 85
530 31
624 0
730 9
844 76
911 219
943 292
976 308
990 308
1008 303
1025 290
1031 275
1053 245
1073 190
1095 134
1100 88
1098 18

200 720
200 410
249 330
354 311
398 321
454 338
527 429
520 455
509 478
493 478
475 474
467 471
452 447
450 416
424 371
354 349
312 355
272 383
246 427
244 481
266 572
318 645
448 692
583 699
738 690
808 668
867 621
904 549
909 468
879 365
810 282
728 229
644 188
611 158
595 128
593 112
595 88
601 84
643 85
721 96
797 151
830 252
862 327
925 379
969 393
1019 390
1068 367
1102 328
1124 296
1154 223
1182 175
1195 103
1193 15