120 720
120 410
101 325
72 256
61 214
66 146
101 74
156 33
237 25
330 47
388 97
412 175
425 268
405 399
384 500
396 532
423 559
456 566
491 568
537 568
713 573
829 572
850 554
858 538
864 519
859 508
851 494
829 491
809 502
761 503
694 524
646 528
582 512
534 486
490 443
464 376
466 315
502 246
588 207
697 231
783 259
822 261
875 253
906 242
949 218
993 188
1030 161
1074 134
1085 116
1093 97
1091 78
1089 48
1089 15

200 720
200 410
202 316
167 219
160 189
167 159
190 123
209 120
238 126
303 146
313 168
313 198
308 273
288 380
269 477
281 557
330 630
407 673
476 685
536 686
716 672
830 671
889 659
939 615
965 566
962 497
938 449
876 406
804 399
762 399
665 423
637 425
615 413
587 395
563 370
565 349
569 322
591 307
621 310
664 334
750 362
813 368
888 360
939 345
1000 313
1054 277
1093 250
1131 227
1170 183
1190 144
1202 95
1200 43
1201 16