120 720
120 410
115 351
182 281
247 259
334 272
406 341
422 438
389 516
385 558
399 581
433 595
463 597
510 591
530 567
530 554
532 515
519 469
502 430
478 390
447 351
417 316
387 289
345 255
321 229
301 174
304 115
352 46
419 15
506 22
655 151
794 412
852 553
905 587
967 593
1006 581
1040 553
1077 493
1095 398
1105 293
1092 17

200 720
200 410
218 366
245 364
276 358
311 373
327 408
319 445
298 465
282 541
300 614
370 678
442 698
519 694
591 650
623 601
635 528
628 452
603 389
573 335
534 284
500 245
462 208
414 170
406 158
406 143
413 130
435 117
454 120
491 131
578 230
697 463
751 594
836 672
946 700
1027 688
1101 644
1168 556
1202 423
1214 304
1201 12